SA(0.3s) [g],Loss_ratio
0.05000000000000001,1.3655826995555975e-07
0.056172467201025755,3.0490006831381567e-07
0.06310692142900626,6.661236311886238e-07
0.07089742948257126,1.4241951331387636e-06
0.07964967064493539,2.980163588263516e-06
0.08948237023750269,6.1034653480013715e-06
0.10052891014472326,1.2233580594404e-05
0.11293913815718663,2.3994326141063362e-05
0.1268814006769336,4.604070165491439e-05
0.14254482635890514,8.640193144108174e-05
0.16014189166643014,0.00015852659518016186
0.17991130314285533,0.0002842625779680957
0.2021212354977168,0.0004979959086113425
0.2270729694325259,0.0008521055181142078
0.2551049785537617,0.0014237469696938738
0.28659752081259104,0.0023227526688771507
0.3219777967548112,0.0037001469012637607
0.36172574455336326,0.005756464443937831
0.4063805504338082,0.008748793093654443
0.45654796280755766,0.012995298332623743
0.5129085093300529,0.018875984711903028
0.5762267283493882,0.02682863396726715
0.6473615399712076,0.03733924480619509
0.7272778974247632,0.05092687432910531
0.8170598767824696,0.06812349418661448
0.9179253825967483,0.08945017247047903
1.0312426689380967,0.11539125506659181
1.1585488999444697,0.14636778239351209
1.3015710016583038,0.18270975876322873
1.4622490880091454,0.2246242742132866
1.6427627787184707,0.2721541242647539
1.8455607661325835,0.32512187035170387
2.0733940320616497,0.3830597620161991
2.329353165215711,0.4451372157696761
2.6169102854537,0.5101112336864584
2.9399661435534976,0.5763336994388001
3.3029030354176987,0.6418444082276025
3.710644248503383,0.704556299102204
4.168720846874621,0.7625055538324884
4.683346700825936,0.8141087835967894
5.261502778863538,0.8583587526278326
5.911031845476362,0.8949067601398972
6.64074484928479,0.9240174209259213
7.4605404447366075,0.9464226114764887
8.381539268677866,0.9631274989216034
9.416234793278331,0.9752240126723194
10.578662801651687,0.98374983861532
11.884591785129816,0.9896061495415307
13.351736844955687,0.9935268896701676
15.0,0.9960825498709611
